 9.24635710364274E-0005
 4.66847759267863E-0005
 6.62193537598332E-0005
 2.20596550936369E-0005
 4.32875696659840E-0005
 2.23839346963073E-0005
-2.17885621887626E-0005
 8.44445813981062E-0007
 2.19320080647317E-0006
-4.14854601925030E-0005
 6.61068574644118E-0007
 4.11201755888980E-0007
 5.50612958529623E-0007
-2.06649888848109E-0005
-3.95359250124905E-0005
 4.93416916570559E-0007
 7.74112985386932E-0007
 4.00842035137572E-0005
 3.96099555995399E-0005
 3.95605840179392E-0005
-2.02852992413349E-0005
-2.01499665710703E-0005
-2.10928064592331E-0005
 5.86686054798169E-0005
 1.78483080309766E-0004
 1.35924016885447E-0003
 2.02037197931304E-0003
 2.29713234024942E-0003
 2.45138885720309E-0003
 2.59163652174266E-0003
 2.79398267014486E-0003
 2.97183347136709E-0003
 3.27678119510821E-0003
 3.58494617057303E-0003
 3.79530084899216E-0003
 3.99492152177316E-0003
 4.44255419566986E-0003
 5.29384988067960E-0003
 5.38194972989459E-0003
 5.58540138043639E-0003
 6.01077289083918E-0003
 6.37954315964606E-0003
 6.62790469079511E-0003
 7.09964934706875E-0003
 7.31964796678852E-0003
 7.65192118740288E-0003
 7.86550316283297E-0003
 8.19153205057432E-0003
 8.52645597836954E-0003
