 1.00000000000000E+0001
 1.16999998092651E+0001
 1.36999998092651E+0001
 1.58999996185303E+0001
 1.77999992370605E+0001
 1.97999992370605E+0001
 2.18999996185303E+0001
 2.38999996185303E+0001
 2.58999996185303E+0001
 2.98999996185303E+0001
 3.50000000000000E+0001
 4.02000007629395E+0001
 4.54000015258789E+0001
 5.05000000000000E+0001
 5.50000000000000E+0001
 6.04000015258789E+0001
 6.55999984741211E+0001
 7.08000030517578E+0001
 7.59000015258789E+0001
 8.09000015258789E+0001
 8.25999984741211E+0001
 8.44000015258789E+0001
 8.61999969482422E+0001
 8.81999969482422E+0001
 9.01999969482422E+0001
 9.21999969482422E+0001
 9.41999969482422E+0001
 9.61999969482422E+0001
 9.81999969482422E+0001
 1.00199996948242E+0002
 1.11800003051758E+0002
 1.22400001525879E+0002
 1.32399993896484E+0002
 1.42300003051758E+0002
 1.52100006103516E+0002
 1.62500000000000E+0002
 1.81899993896484E+0002
 1.90000000000000E+0002
 2.02100006103516E+0002
 2.12100006103516E+0002
 2.20300003051758E+0002
 2.30300003051758E+0002
 2.40699996948242E+0002
 2.50000000000000E+0002
 2.60600006103516E+0002
 2.70100006103516E+0002
 2.80299987792969E+0002
 2.90299987792969E+0002
 3.00100006103516E+0002
