013.8	0.000000E+0	4.511640E+0	1.050520E+0
019.7	0.000000E+0	3.739658E+0	1.404211E+0
024.6	0.000000E+0	3.248429E+0	1.888461E+0
029.9	0.000000E+0	2.889988E+0	2.541648E+0
035.0	0.000000E+0	2.566486E+0	3.649903E+0
040.2	0.000000E+0	2.335186E+0	5.201965E+0
045.3	0.000000E+0	2.207483E+0	6.900595E+0
050.4	0.000000E+0	2.142129E+0	8.735047E+0
055.5	3.932000E-5	2.119911E+0	1.067621E+1
060.5	2.520000E-5	2.129544E+0	1.270638E+1
065.6	1.923000E-5	2.164839E+0	1.481527E+1
070.4	0.000000E+0	2.215275E+0	1.680355E+1
075.6	0.000000E+0	2.282544E+0	1.900345E+1
080.7	5.600000E-5	2.359802E+0	2.112636E+1
082.2	0.000000E+0	2.385880E+0	2.189628E+1
084.1	0.000000E+0	2.418282E+0	2.275705E+1
086.1	1.310400E-4	2.452854E+0	2.361985E+1
088.1	7.562000E-4	2.488729E+0	2.448308E+1
090.1	1.746770E-3	2.524377E+0	2.534140E+1
092.1	2.486790E-3	2.561090E+0	2.621014E+1
094.1	2.848340E-3	2.599117E+0	2.709705E+1
096.3	3.075400E-3	2.640267E+0	2.798521E+1
098.2	3.169260E-3	2.675904E+0	2.882243E+1
100.3	3.253060E-3	2.715131E+0	2.967416E+1
111.7	3.763010E-3	2.916132E+0	3.449521E+1
122.3	4.121770E-3	3.078167E+0	3.892753E+1
132.6	4.410000E-3	3.179074E+0	4.327196E+1
142.5	4.765750E-3	3.147702E+0	4.738738E+1
152.3	5.070460E-3	2.851031E+0	5.138056E+1
162.4	5.287470E-3	2.275754E+0	5.554451E+1
172.4	5.660780E-3	1.664115E+0	5.963875E+1
182.3	5.855540E-3	1.172512E+0	6.365638E+1
192.3	6.235710E-3	8.253332E-1	6.767815E+1
202.0	6.455720E-3	5.933526E-1	7.155650E+1
212.1	6.708020E-3	4.301667E-1	7.557741E+1
222.2	7.122370E-3	3.175805E-1	7.959851E+1
232.1	7.322490E-3	2.391154E-1	8.358865E+1
242.1	7.665460E-3	1.838873E-1	8.750320E+1
252.1	7.968440E-3	1.434332E-1	9.147018E+1
262.1	8.195690E-3	1.140785E-1	9.537700E+1
272.1	8.474090E-3	9.205687E-2	9.930024E+1
282.1	8.776840E-3	7.549049E-2	1.031880E+2
291.9	8.976530E-3	6.293196E-2	1.069723E+2
302.0	9.267730E-3	5.279098E-2	1.109303E+2
