012.5	-7.268000E-5
014.6	-2.415400E-4
019.6	-1.163200E-4
024.6	-9.062000E-5
029.7	2.182000E-5
035.0	-3.290000E-5
040.5	-6.198000E-5
045.3	-2.182000E-5
050.5	2.392000E-5
055.6	3.248000E-5
060.8	3.504000E-5
066.0	3.462000E-5
065.9	3.932000E-5
070.9	-2.140000E-6
075.9	6.820000E-6
081.1	9.000000E-6
083.0	1.922000E-5
084.8	-1.720000E-6
086.6	2.107400E-4
088.5	1.001860E-3
090.4	1.936180E-3
092.3	2.501500E-3
094.3	2.848320E-3
096.4	3.037720E-3
098.4	3.169880E-3
100.4	3.290060E-3
100.5	3.336640E-3
102.4	3.376420E-3
104.4	3.512840E-3
106.4	3.583380E-3
108.3	3.627000E-3
110.3	3.707820E-3
112.4	3.804040E-3
